   0
  33
 145
 237
  44
 243
 232
  57
 223
 244
 166
 251
   8
   0
  69
   0
   0
 216
  45
 207
  64
   0
  64
  17
 138
  62
 192
 168
   0
 182
 192
 168
   0
   1
 171
  11
 156
  64
   0
 196
 106
 197
  71
  96
   0
  16
   0
   0
 176
  13
   0
   0
 193
   0
   0
   0
   1
 224
  32
 249
  98
 245
 139
 255
 255
 255
 255
 255
 255
 255
 255
 255
 255
 255
 255
 255
 255
 255
 255
 255
 255
 255
 255
 255
 255
 255
 255
 255
 255
 255
 255
 255
 255
 255
 255
 255
 255
 255
 255
 255
 255
 255
 255
 255
 255
 255
 255
 255
 255
 255
 255
 255
 255
 255
 255
 255
 255
 255
 255
 255
 255
 255
 255
 255
 255
 255
 255
 255
 255
 255
 255
 255
 255
 255
 255
 255
 255
 255
 255
 255
 255
 255
 255
 255
 255
 255
 255
 255
 255
 255
 255
 255
 255
 255
 255
 255
 255
 255
 255
 255
 255
 255
 255
 255
 255
 255
 255
 255
 255
 255
 255
 255
 255
 255
 255
 255
 255
 255
 255
 255
 255
 255
 255
 255
 255
 255
 255
 255
 255
 255
 255
 255
 255
 255
 255
 255
 255
 255
 255
 255
 255
 255
 255
 255
 255
 255
 255
 255
 255
 255
 255
 255
 255
 255
 255
 255
 255
 255
 255
 255
 255
 255
 255
 255
 255
 255
 255
 255
 255
 255
0
0
0
0
