0
-1
-1
-1
-1
-1
-1
-1
-1
-1
-1
-1
12
-1
-1
-1
-1
-1
-1
-1
-1
-1
-1
-1
24
-1
-1
-1
-1
-1
-1
-1
-1
-1
-1
-1
36
-1
-1
-1
-1
-1
-1
-1
-1
-1
-1
-1
48
-1
-1
-1
-1
-1
-1
-1
-1
-1
-1
-1
60
-1
-1
-1
-1
-1
-1
-1
-1
-1
-1
-1
72
-1
-1
-1
-1
-1
-1
-1
-1
-1
-1
-1
84
-1
-1
-1
-1
-1
-1
-1
-1
-1
-1
-1
96
-1
-1
-1
-1
-1
-1
-1
-1
-1
-1
-1
108
-1
-1
-1
-1
-1
-1
-1
-1
-1
-1
-1
120
-1
-1
-1
-1
-1
-1
-1
-1
-1
-1
-1
132
-1
-1
-1
-1
-1
-1
-1
-1
-1
-1
-1
144
-1
-1
-1
-1
-1
-1
-1
-1
-1
-1
-1
156
-1
-1
-1
-1
-1
-1
-1
-1
-1
-1
-1
168
-1
-1
-1
-1
-1
-1
-1
-1
-1
-1
-1
180
-1
-1
-1
-1
-1
-1
-1
-1
-1
-1
-1
192
-1
-1
-1
-1
-1
-1
-1
-1
-1
-1
-1
204
1
-1
-1
-1
-1
-1
-1
-1
-1
-1
-1
216
13
-1
-1
-1
-1
-1
-1
-1
-1
-1
-1
228
25
-1
-1
-1
-1
-1
-1
-1
-1
-1
-1
240
37
-1
-1
-1
-1
-1
-1
-1
-1
-1
-1
252
49
-1
-1
-1
-1
-1
-1
-1
-1
-1
-1
8
61
-1
-1
-1
-1
-1
-1
-1
-1
-1
-1
20
73
-1
-1
-1
-1
-1
-1
-1
-1
-1
-1
32
85
-1
-1
-1
-1
-1
-1
-1
-1
-1
-1
44
97
-1
-1
-1
-1
-1
-1
-1
-1
-1
-1
56
109
-1
-1
-1
-1
-1
-1
-1
-1
-1
-1
68
121
-1
-1
-1
-1
-1
-1
-1
-1
-1
-1
80
133
-1
-1
-1
-1
-1
-1
-1
-1
-1
-1
92
145
-1
-1
-1
-1
-1
-1
-1
-1
-1
-1
104
157
-1
-1
-1
-1
-1
-1
-1
-1
-1
-1
116
169
-1
-1
-1
-1
-1
-1
-1
-1
-1
-1
128
181
-1
-1
-1
-1
-1
-1
-1
-1
-1
-1
140
193
-1
-1
-1
-1
-1
-1
-1
-1
-1
-1
152
205
2
-1
-1
-1
-1
-1
-1
-1
-1
-1
164
217
14
-1
-1
-1
-1
-1
-1
-1
-1
-1
176
229
26
-1
-1
-1
-1
-1
-1
-1
-1
-1
188
241
38
-1
-1
-1
-1
-1
-1
-1
-1
-1
200
253
50
-1
-1
-1
-1
-1
-1
-1
-1
-1
212
9
62
-1
-1
-1
-1
-1
-1
-1
-1
-1
224
21
74
-1
-1
-1
-1
-1
-1
-1
-1
-1
236
33
86
-1
-1
-1
-1
-1
-1
-1
-1
-1
248
45
98
-1
-1
-1
-1
-1
-1
-1
-1
-1
4
57
110
-1
-1
-1
-1
-1
-1
-1
-1
-1
16
69
122
-1
-1
-1
-1
-1
-1
-1
-1
-1
28
81
134
-1
-1
-1
-1
-1
-1
-1
-1
-1
40
93
146
-1
-1
-1
-1
-1
-1
-1
-1
-1
52
105
158
-1
-1
-1
-1
-1
-1
-1
-1
-1
64
117
170
-1
-1
-1
-1
-1
-1
-1
-1
-1
76
129
182
-1
-1
-1
-1
-1
-1
-1
-1
-1
88
141
194
-1
-1
-1
-1
-1
-1
-1
-1
-1
100
153
206
3
-1
-1
-1
-1
-1
-1
-1
-1
112
165
218
15
-1
-1
-1
-1
-1
-1
-1
-1
124
177
230
27
-1
-1
-1
-1
-1
-1
-1
-1
136
189
242
39
-1
-1
-1
-1
-1
-1
-1
-1
148
201
254
51
-1
-1
-1
-1
-1
-1
-1
-1
160
213
10
63
-1
-1
-1
-1
-1
-1
-1
-1
172
225
22
75
-1
-1
-1
-1
-1
-1
-1
-1
184
237
34
87
-1
-1
-1
-1
-1
-1
-1
-1
196
249
46
99
-1
-1
-1
-1
-1
-1
-1
-1
208
5
58
111
-1
-1
-1
-1
-1
-1
-1
-1
220
17
70
123
-1
-1
-1
-1
-1
-1
-1
-1
232
29
82
135
-1
-1
-1
-1
-1
-1
-1
-1
244
41
94
147
-1
-1
-1
-1
-1
-1
-1
-1
0
53
106
159
-1
-1
-1
-1
-1
-1
-1
-1
12
65
118
171
-1
-1
-1
-1
-1
-1
-1
-1
24
77
130
183
-1
-1
-1
-1
-1
-1
-1
-1
36
89
142
195
-1
-1
-1
-1
-1
-1
-1
-1
48
101
154
207
4
-1
-1
-1
-1
-1
-1
-1
60
113
166
219
16
-1
-1
-1
-1
-1
-1
-1
72
125
178
231
28
-1
-1
-1
-1
-1
-1
-1
84
137
190
243
40
-1
-1
-1
-1
-1
-1
-1
96
149
202
255
52
-1
-1
-1
-1
-1
-1
-1
108
161
214
11
64
-1
-1
-1
-1
-1
-1
-1
120
173
226
23
76
-1
-1
-1
-1
-1
-1
-1
132
185
238
35
88
-1
-1
-1
-1
-1
-1
-1
144
197
250
47
100
-1
-1
-1
-1
-1
-1
-1
156
209
6
59
112
-1
-1
-1
-1
-1
-1
-1
168
221
18
71
124
-1
-1
-1
-1
-1
-1
-1
180
233
30
83
136
-1
-1
-1
-1
-1
-1
-1
192
245
42
95
148
-1
-1
-1
-1
-1
-1
-1
204
1
54
107
160
-1
-1
-1
-1
-1
-1
-1
216
13
66
119
172
-1
-1
-1
-1
-1
-1
-1
228
25
78
131
184
-1
-1
-1
-1
-1
-1
-1
240
37
90
143
196
-1
-1
-1
-1
-1
-1
-1
252
49
102
155
208
5
-1
-1
-1
-1
-1
-1
8
61
114
167
220
17
-1
-1
-1
-1
-1
-1
20
73
126
179
232
29
-1
-1
-1
-1
-1
-1
32
85
138
191
244
41
-1
-1
-1
-1
-1
-1
44
97
150
203
0
53
-1
-1
-1
-1
-1
-1
56
109
162
215
12
65
-1
-1
-1
-1
-1
-1
68
121
174
227
24
77
-1
-1
-1
-1
-1
-1
80
133
186
239
36
89
-1
-1
-1
-1
-1
-1
92
145
198
251
48
101
-1
-1
-1
-1
-1
-1
104
157
210
7
60
113
-1
-1
-1
-1
-1
-1
116
169
222
19
72
125
-1
-1
-1
-1
-1
-1
128
181
234
31
84
137
-1
-1
-1
-1
-1
-1
140
193
246
43
96
149
-1
-1
-1
-1
-1
-1
152
205
2
55
108
161
-1
-1
-1
-1
-1
-1
164
217
14
67
120
173
-1
-1
-1
-1
-1
-1
176
229
26
79
132
185
-1
-1
-1
-1
-1
-1
188
241
38
91
144
197
-1
-1
-1
-1
-1
-1
200
253
50
103
156
209
6
-1
-1
-1
-1
-1
212
9
62
115
168
221
18
-1
-1
-1
-1
-1
224
21
74
127
180
233
30
-1
-1
-1
-1
-1
236
33
86
139
192
245
42
-1
-1
-1
-1
-1
248
45
98
151
204
1
54
-1
-1
-1
-1
-1
4
57
110
163
216
13
66
-1
-1
-1
-1
-1
16
69
122
175
228
25
78
-1
-1
-1
-1
-1
28
81
134
187
240
37
90
-1
-1
-1
-1
-1
40
93
146
199
252
49
102
-1
-1
-1
-1
-1
52
105
158
211
8
61
114
-1
-1
-1
-1
-1
64
117
170
223
20
73
126
-1
-1
-1
-1
-1
76
129
182
235
32
85
138
-1
-1
-1
-1
-1
88
141
194
247
44
97
150
-1
-1
-1
-1
-1
100
153
206
3
56
109
162
-1
-1
-1
-1
-1
112
165
218
15
68
121
174
-1
-1
-1
-1
-1
124
177
230
27
80
133
186
-1
-1
-1
-1
-1
136
189
242
39
92
145
198
-1
-1
-1
-1
-1
148
201
254
51
104
157
210
7
-1
-1
-1
-1
160
213
10
63
116
169
222
19
-1
-1
-1
-1
172
225
22
75
128
181
234
31
-1
-1
-1
-1
184
237
34
87
140
193
246
43
-1
-1
-1
-1
196
249
46
99
152
205
2
55
-1
-1
-1
-1
208
5
58
111
164
217
14
67
-1
-1
-1
-1
220
17
70
123
176
229
26
79
-1
-1
-1
-1
232
29
82
135
188
241
38
91
-1
-1
-1
-1
244
41
94
147
200
253
50
103
-1
-1
-1
-1
0
53
106
159
212
9
62
115
-1
-1
-1
-1
12
65
118
171
224
21
74
127
-1
-1
-1
-1
24
77
130
183
236
33
86
139
-1
-1
-1
-1
36
89
142
195
248
45
98
151
-1
-1
-1
-1
48
101
154
207
4
57
110
163
-1
-1
-1
-1
60
113
166
219
16
69
122
175
-1
-1
-1
-1
72
125
178
231
28
81
134
187
-1
-1
-1
-1
84
137
190
243
40
93
146
199
-1
-1
-1
-1
96
149
202
255
52
105
158
211
8
-1
-1
-1
108
161
214
11
64
117
170
223
20
-1
-1
-1
120
173
226
23
76
129
182
235
32
-1
-1
-1
132
185
238
35
88
141
194
247
44
-1
-1
-1
144
197
250
47
100
153
206
3
56
-1
-1
-1
156
209
6
59
112
165
218
15
68
-1
-1
-1
168
221
18
71
124
177
230
27
80
-1
-1
-1
180
233
30
83
136
189
242
39
92
-1
-1
-1
192
245
42
95
148
201
254
51
104
-1
-1
-1
204
1
54
107
160
213
10
63
116
-1
-1
-1
216
13
66
119
172
225
22
75
128
-1
-1
-1
228
25
78
131
184
237
34
87
140
-1
-1
-1
240
37
90
143
196
249
46
99
152
-1
-1
-1
252
49
102
155
208
5
58
111
164
-1
-1
-1
8
61
114
167
220
17
70
123
176
-1
-1
-1
20
73
126
179
232
29
82
135
188
-1
-1
-1
32
85
138
191
244
41
94
147
200
-1
-1
-1
44
97
150
203
0
53
106
159
212
9
-1
-1
56
109
162
215
12
65
118
171
224
21
-1
-1
68
121
174
227
24
77
130
183
236
33
-1
-1
80
133
186
239
36
89
142
195
248
45
-1
-1
92
145
198
251
48
101
154
207
4
57
-1
-1
104
157
210
7
60
113
166
219
16
69
-1
-1
116
169
222
19
72
125
178
231
28
81
-1
-1
128
181
234
31
84
137
190
243
40
93
-1
-1
140
193
246
43
96
149
202
255
52
105
-1
-1
152
205
2
55
108
161
214
11
64
117
-1
-1
164
217
14
67
120
173
226
23
76
129
-1
-1
176
229
26
79
132
185
238
35
88
141
-1
-1
188
241
38
91
144
197
250
47
100
153
-1
-1
200
253
50
103
156
209
6
59
112
165
-1
-1
212
9
62
115
168
221
18
71
124
177
-1
-1
224
21
74
127
180
233
30
83
136
189
-1
-1
236
33
86
139
192
245
42
95
148
201
-1
-1
248
45
98
151
204
1
54
107
160
213
10
-1
4
57
110
163
216
13
66
119
172
225
22
-1
16
69
122
175
228
25
78
131
184
237
34
-1
28
81
134
187
240
37
90
143
196
249
46
-1
40
93
146
199
252
49
102
155
208
5
58
-1
52
105
158
211
8
61
114
167
220
17
70
-1
64
117
170
223
20
73
126
179
232
29
82
-1
76
129
182
235
32
85
138
191
244
41
94
-1
88
141
194
247
44
97
150
203
0
53
106
-1
100
153
206
3
56
109
162
215
12
65
118
-1
112
165
218
15
68
121
174
227
24
77
130
-1
124
177
230
27
80
133
186
239
36
89
142
-1
136
189
242
39
92
145
198
251
48
101
154
-1
148
201
254
51
104
157
210
7
60
113
166
-1
160
213
10
63
116
169
222
19
72
125
178
-1
172
225
22
75
128
181
234
31
84
137
190
-1
184
237
34
87
140
193
246
43
96
149
202
-1
196
249
46
99
152
205
2
55
108
161
214
11
208
5
58
111
164
217
14
67
120
173
226
23
220
17
70
123
176
229
26
79
132
185
238
35
232
29
82
135
188
241
38
91
144
197
250
47
244
41
94
147
200
253
50
103
156
209
6
59
0
53
106
159
212
9
62
115
168
221
18
71
12
65
118
171
224
21
74
127
180
233
30
83
24
77
130
183
236
33
86
139
192
245
42
95
36
89
142
195
248
45
98
151
204
1
54
107
48
101
154
207
4
57
110
163
216
13
66
119
60
113
166
219
16
69
122
175
228
25
78
131
72
125
178
231
28
81
134
187
240
37
90
143
84
137
190
243
40
93
146
199
252
49
102
155
96
149
202
255
52
105
158
211
8
61
114
167
108
161
214
11
64
117
170
223
20
73
126
179
120
173
226
23
76
129
182
235
32
85
138
191
132
185
238
35
88
141
194
247
44
97
150
203
144
197
250
47
100
153
206
3
56
109
162
215
156
209
6
59
112
165
218
15
68
121
174
227
168
221
18
71
124
177
230
27
80
133
186
239
180
233
30
83
136
189
242
39
92
145
198
251
192
245
42
95
148
201
254
51
104
157
210
7
204
1
54
107
160
213
10
63
116
169
222
19
216
13
66
119
172
225
22
75
128
181
234
31
228
25
78
131
184
237
34
87
140
193
246
43
240
37
90
143
196
249
46
99
152
205
2
55
252
49
102
155
208
5
58
111
164
217
14
67
8
61
114
167
220
17
70
123
176
229
26
79
20
73
126
179
232
29
82
135
188
241
38
91
32
85
138
191
244
41
94
147
200
253
50
103
44
97
150
203
0
53
106
159
212
9
62
115
56
109
162
215
12
65
118
171
224
21
74
127
68
121
174
227
24
77
130
183
236
33
86
139
80
133
186
239
36
89
142
195
248
45
98
151
92
145
198
251
48
101
154
207
4
57
110
163
104
157
210
7
60
113
166
219
16
69
122
175
116
169
222
19
72
125
178
231
28
81
134
187
128
181
234
31
84
137
190
243
40
93
146
199
140
193
246
43
96
149
202
255
52
105
158
211
152
205
2
55
108
161
214
11
64
117
170
223
164
217
14
67
120
173
226
23
76
129
182
235
176
229
26
79
132
185
238
35
88
141
194
247
188
241
38
91
144
197
250
47
100
153
206
3
200
253
50
103
156
209
6
59
112
165
218
15
212
9
62
115
168
221
18
71
124
177
230
27
224
21
74
127
180
233
30
83
136
189
242
39
236
33
86
139
192
245
42
95
148
201
254
51
248
45
98
151
204
1
54
107
160
213
10
63
4
57
110
163
216
13
66
119
172
225
22
75
16
69
122
175
228
25
78
131
184
237
34
87
28
81
134
187
240
37
90
143
196
249
46
99
40
93
146
199
252
49
102
155
208
5
58
111
52
105
158
211
8
61
114
167
220
17
70
123
64
117
170
223
20
73
126
179
232
29
82
135
76
129
182
235
32
85
138
191
244
41
94
147
88
141
194
247
44
97
150
203
0
53
106
159
100
153
206
3
56
109
162
215
12
65
118
171
112
165
218
15
68
121
174
227
24
77
130
183
124
177
230
27
80
133
186
239
36
89
142
195
136
189
242
39
92
145
198
251
48
101
154
207
148
201
254
51
104
157
210
7
60
113
166
219
160
213
10
63
116
169
222
19
72
125
178
231
172
225
22
75
128
181
234
31
84
137
190
243
184
237
34
87
140
193
246
43
96
149
202
255
196
249
46
99
152
205
2
55
108
161
214
11
208
5
58
111
164
217
14
67
120
173
226
23
220
17
70
123
176
229
26
79
132
185
238
35
232
29
82
135
188
241
38
91
144
197
250
47
244
41
94
147
200
253
50
103
156
209
6
59
0
53
106
159
212
9
62
115
168
221
18
71
12
65
118
171
224
21
74
127
180
233
30
83
24
77
130
183
236
33
86
139
192
245
42
95
36
89
142
195
248
45
98
151
204
1
54
107
48
101
154
207
4
57
110
163
216
13
66
119
60
113
166
219
16
69
122
175
228
25
78
131
72
125
178
231
28
81
134
187
240
37
90
143
84
137
190
243
40
93
146
199
252
49
102
155
96
149
202
255
52
105
158
211
8
61
114
167
108
161
214
11
64
117
170
223
20
73
126
179
120
173
226
23
76
129
182
235
32
85
138
191
132
185
238
35
88
141
194
247
44
97
150
203
144
197
250
47
100
153
206
3
56
109
162
215
156
209
6
59
112
165
218
15
68
121
174
227
168
221
18
71
124
177
230
27
80
133
186
239
180
233
30
83
136
189
242
39
92
145
198
251
192
245
42
95
148
201
254
51
104
157
210
7
204
1
54
107
160
213
10
63
116
169
222
19
216
13
66
119
172
225
22
75
128
181
234
31
228
25
78
131
184
237
34
87
140
193
246
43
240
37
90
143
196
249
46
99
152
205
2
55
252
49
102
155
208
5
58
111
164
217
14
67
8
61
114
167
220
17
70
123
176
229
26
79
20
73
126
179
232
29
82
135
188
241
38
91
32
85
138
191
244
41
94
147
200
253
50
103
44
97
150
203
0
53
106
159
212
9
62
115
56
109
162
215
12
65
118
171
224
21
74
127
68
121
174
227
24
77
130
183
236
33
86
139
80
133
186
239
36
89
142
195
248
45
98
151
92
145
198
251
48
101
154
207
4
57
110
163
104
157
210
7
60
113
166
219
16
69
122
175
116
169
222
19
72
125
178
231
28
81
134
187
128
181
234
31
84
137
190
243
40
93
146
199
140
193
246
43
96
149
202
255
52
105
158
211
152
205
2
55
108
161
214
11
64
117
170
223
164
217
14
67
120
173
226
23
76
129
182
235
176
229
26
79
132
185
238
35
88
141
194
247
188
241
38
91
144
197
250
47
100
153
206
3
200
253
50
103
156
209
6
59
112
165
218
15
212
9
62
115
168
221
18
71
124
177
230
27
224
21
74
127
180
233
30
83
136
189
242
39
236
33
86
139
192
245
42
95
148
201
254
51
248
45
98
151
204
1
54
107
160
213
10
63
4
57
110
163
216
13
66
119
172
225
22
75
16
69
122
175
228
25
78
131
184
237
34
87
28
81
134
187
240
37
90
143
196
249
46
99
40
93
146
199
252
49
102
155
208
5
58
111
52
105
158
211
8
61
114
167
220
17
70
123
64
117
170
223
20
73
126
179
232
29
82
135
76
129
182
235
32
85
138
191
244
41
94
147
88
141
194
247
44
97
150
203
0
53
106
159
100
153
206
3
56
109
162
215
12
65
118
171
112
165
218
15
68
121
174
227
24
77
130
183
124
177
230
27
80
133
186
239
36
89
142
195
136
189
242
39
92
145
198
251
48
101
154
207
148
201
254
51
104
157
210
7
60
113
166
219
160
213
10
63
116
169
222
19
72
125
178
231
172
225
22
75
128
181
234
31
84
137
190
243
184
237
34
87
140
193
246
43
96
149
202
255
196
249
46
99
152
205
2
55
108
161
214
11
208
5
58
111
164
217
14
67
120
173
226
23
220
17
70
123
176
229
26
79
132
185
238
35
232
29
82
135
188
241
38
91
144
197
250
47
244
41
94
147
200
253
50
103
156
209
6
59
0
53
106
159
212
9
62
115
168
221
18
71
12
65
118
171
224
21
74
127
180
233
30
83
24
77
130
183
236
33
86
139
192
245
42
95
36
89
142
195
248
45
98
151
204
1
54
107
48
101
154
207
4
57
110
163
216
13
66
119
60
113
166
219
16
69
122
175
228
25
78
131
72
125
178
231
28
81
134
187
240
37
90
143
84
137
190
243
40
93
146
199
252
49
102
155
96
149
202
255
52
105
158
211
8
61
114
167
108
161
214
11
64
117
170
223
20
73
126
179
120
173
226
23
76
129
182
235
32
85
138
191
132
185
238
35
88
141
194
247
44
97
150
203
144
197
250
47
100
153
206
3
56
109
162
215
156
209
6
59
112
165
218
15
68
121
174
227
168
221
18
71
124
177
230
27
80
133
186
239
180
233
30
83
136
189
242
39
92
145
198
251
192
245
42
95
148
201
254
51
104
157
210
7
204
1
54
107
160
213
10
63
116
169
222
19
216
13
66
119
172
225
22
75
128
181
234
31
228
25
78
131
184
237
34
87
140
193
246
43
240
37
90
143
196
249
46
99
152
205
2
55
252
49
102
155
208
5
58
111
164
217
14
67
8
61
114
167
220
17
70
123
176
229
26
79
20
73
126
179
232
29
82
135
188
241
38
91
32
85
138
191
244
41
94
147
200
253
50
103
44
97
150
203
0
53
106
159
212
9
62
115
56
109
162
215
12
65
118
171
224
21
74
127
68
121
174
227
24
77
130
183
236
33
86
139
80
133
186
239
36
89
142
195
248
45
98
151
92
145
198
251
48
101
154
207
4
57
110
163
104
157
210
7
60
113
166
219
16
69
122
175
116
169
222
19
72
125
178
231
28
81
134
187
128
181
234
31
84
137
190
243
40
93
146
199
140
193
246
43
96
149
202
255
52
105
158
211
152
205
2
55
108
161
214
11
64
117
170
223
164
217
14
67
120
173
226
23
76
129
182
235
176
229
26
79
132
185
238
35
88
141
194
247
188
241
38
91
144
197
250
47
100
153
206
3
200
253
50
103
156
209
6
59
112
165
218
15
212
9
62
115
168
221
18
71
124
177
230
27
224
21
74
127
180
233
30
83
136
189
242
39
236
33
86
139
192
245
42
95
148
201
254
51
248
45
98
151
204
1
54
107
160
213
10
63
4
57
110
163
216
13
66
119
172
225
22
75
16
69
122
175
228
25
78
131
184
237
34
87
28
81
134
187
240
37
90
143
196
249
46
99
40
93
146
199
252
49
102
155
208
5
58
111
52
105
158
211
8
61
114
167
220
17
70
123
64
117
170
223
20
73
126
179
232
29
82
135
76
129
182
235
32
85
138
191
244
41
94
147
88
141
194
247
44
97
150
203
0
53
106
159
100
153
206
3
56
109
162
215
12
65
118
171
112
165
218
15
68
121
174
227
24
77
130
183
124
177
230
27
80
133
186
239
36
89
142
195
